1; 2; 3; 4; 5; 6; 7; 8; 9
1 6; 2; 3; 4; 5; 7; 8; 9
1 6; 2 7; 3; 4; 5; 8; 9
1 6; 2 7; 3; 4; 5; 8; 9
1 6; 2 7; 3; 4 8; 5; 9
1 6; 2 7; 3; 4 8; 5; 9
1 6; 2 7; 3; 4 8; 5 9
1 6; 2 7; 3; 4 8; 5 9
1 3 6; 2 7; 4 8; 5 9
1 3 6; 2 7; 4 8; 5 9
1 3 6; 2 7; 4 8; 5 9
1 3 6; 2 7; 4 8; 5 9

1; 2; 3; 4; 5; 6; 7; 8; 9
1; 2; 3 7; 4; 5; 6; 8; 9
1; 2 3 7; 4; 5; 6; 8; 9
1; 2 3 7; 4; 5; 6; 8; 9
1; 2 3 7; 4 8; 5; 6; 9
1; 2 3 7; 4 8; 5; 6; 9
1; 2 3 7; 4 8; 5 9; 6
1; 2 3 7; 4 8; 5 9; 6
1; 2 3 6 7; 4 8; 5 9
1; 2 3 6 7; 4 8; 5 9
1; 2 3 6 7; 4 8; 5 9
1; 2 3 4 6 7 8; 5 9
1; 2 3 4 6 7 8; 5 9
1; 2 3 4 6 7 8; 5 9